-1.800000000000000000e+02 0.000000000000000000e+00 1.980000000000000163e-02
-1.750000000000000000e+02 3.739999999999999991e-01 3.409999999999999837e-02
-1.700000000000000000e+02 7.489999999999999991e-01 9.550000000000000155e-02
-1.600000000000000000e+02 6.590000000000000302e-01 2.807000000000000051e-01
-1.550000000000000000e+02 7.359999999999999876e-01 3.919000000000000261e-01
-1.500000000000000000e+02 7.830000000000000293e-01 5.086000000000000520e-01
-1.450000000000000000e+02 8.030000000000000471e-01 6.267000000000000348e-01
-1.400000000000000000e+02 7.980000000000000426e-01 7.427000000000000268e-01
-1.350000000000000000e+02 7.710000000000000187e-01 8.537000000000000144e-01
-1.300000000000000000e+02 7.239999999999999769e-01 9.574000000000000288e-01
-1.250000000000000000e+02 6.600000000000000311e-01 1.051900000000000057e+00
-1.200000000000000000e+02 5.809999999999999609e-01 1.135499999999999954e+00
-1.150000000000000000e+02 4.909999999999999920e-01 1.207000000000000073e+00
-1.100000000000000000e+02 3.900000000000000133e-01 1.265600000000000058e+00
-1.050000000000000000e+02 2.819999999999999729e-01 1.310400000000000009e+00
-1.000000000000000000e+02 1.690000000000000113e-01 1.340999999999999970e+00
-9.500000000000000000e+01 5.199999999999999761e-02 1.357199999999999962e+00
-9.000000000000000000e+01 -6.700000000000000400e-02 1.358700000000000019e+00
-8.500000000000000000e+01 -1.839999999999999969e-01 1.345599999999999907e+00
-8.000000000000000000e+01 -2.989999999999999880e-01 1.318100000000000049e+00
-7.500000000000000000e+01 -4.089999999999999747e-01 1.276499999999999968e+00
-7.000000000000000000e+01 -5.120000000000000107e-01 1.221200000000000063e+00
-6.500000000000000000e+01 -6.059999999999999831e-01 1.153200000000000003e+00
-6.000000000000000000e+01 -6.889999999999999458e-01 1.073099999999999943e+00
-5.500000000000000000e+01 -7.590000000000000080e-01 9.821999999999999620e-01
-5.000000000000000000e+01 -8.139999999999999458e-01 8.820000000000000062e-01
-4.500000000000000000e+01 -8.499999999999999778e-01 7.741999999999999993e-01
-4.000000000000000000e+01 -8.659999999999999920e-01 6.610000000000000320e-01
-3.500000000000000000e+01 -8.599999999999999867e-01 5.451000000000000290e-01
-3.000000000000000000e+01 -8.289999999999999591e-01 4.294999999999999929e-01
-2.500000000000000000e+01 -8.529999999999999805e-01 3.070999999999999841e-01
-2.400000000000000000e+01 -8.699999999999999956e-01 2.813999999999999835e-01
-2.300000000000000000e+01 -8.900000000000000133e-01 2.555999999999999939e-01
-2.200000000000000000e+01 -9.110000000000000320e-01 2.296999999999999875e-01
-2.100000000000000000e+01 -9.340000000000000524e-01 2.039999999999999869e-01
-2.000000000000000000e+01 -9.579999999999999627e-01 1.784999999999999920e-01
-1.900000000000000000e+01 -9.819999999999999840e-01 1.534000000000000086e-01
-1.800000000000000000e+01 -1.004999999999999893e+00 1.287999999999999978e-01
-1.700000000000000000e+01 -1.082000000000000073e+00 1.037000000000000005e-01
-1.600000000000000000e+01 -1.112999999999999989e+00 7.860000000000000320e-02
-1.500000000000000000e+01 -1.104999999999999982e+00 5.349999999999999895e-02
-1.400000000000000000e+01 -1.078000000000000069e+00 2.829999999999999877e-02
-1.350000000000000000e+01 -1.052999999999999936e+00 1.580000000000000154e-02
-1.300000000000000000e+01 -1.014999999999999902e+00 1.510000000000000057e-02
-1.200000000000000000e+01 -9.040000000000000258e-01 1.340000000000000045e-02
-1.100000000000000000e+01 -8.070000000000000506e-01 1.209999999999999964e-02
-1.000000000000000000e+01 -7.109999999999999654e-01 1.110000000000000049e-02
-9.000000000000000000e+00 -5.949999999999999734e-01 9.900000000000000813e-03
-8.000000000000000000e+00 -4.779999999999999805e-01 9.100000000000000450e-03
-7.000000000000000000e+00 -3.750000000000000000e-01 8.600000000000000006e-03
-6.000000000000000000e+00 -2.640000000000000124e-01 8.200000000000000691e-03
-5.000000000000000000e+00 -1.509999999999999953e-01 7.900000000000000772e-03
-4.000000000000000000e+00 -1.700000000000000122e-02 7.199999999999999803e-03
-3.000000000000000000e+00 8.799999999999999489e-02 6.400000000000000307e-03
-2.000000000000000000e+00 2.129999999999999949e-01 5.400000000000000286e-03
-1.000000000000000000e+00 3.280000000000000138e-01 5.199999999999999761e-03
0.000000000000000000e+00 4.420000000000000040e-01 5.199999999999999761e-03
1.000000000000000000e+00 5.560000000000000497e-01 5.199999999999999761e-03
2.000000000000000000e+00 6.700000000000000400e-01 5.300000000000000024e-03
3.000000000000000000e+00 7.840000000000000302e-01 5.300000000000000024e-03
4.000000000000000000e+00 8.980000000000000204e-01 5.400000000000000286e-03
5.000000000000000000e+00 1.010999999999999899e+00 5.799999999999999600e-03
6.000000000000000000e+00 1.102999999999999980e+00 9.100000000000000450e-03
7.000000000000000000e+00 1.181000000000000050e+00 1.129999999999999928e-02
8.000000000000000000e+00 1.256999999999999895e+00 1.239999999999999956e-02
8.500000000000000000e+00 1.292999999999999927e+00 1.299999999999999940e-02
9.000000000000000000e+00 1.326000000000000068e+00 1.359999999999999924e-02
9.500000000000000000e+00 1.356000000000000094e+00 1.430000000000000021e-02
1.000000000000000000e+01 1.381999999999999895e+00 1.499999999999999944e-02
1.050000000000000000e+01 1.399999999999999911e+00 2.670000000000000151e-02
1.100000000000000000e+01 1.415000000000000036e+00 3.830000000000000071e-02
1.150000000000000000e+01 1.425000000000000044e+00 4.979999999999999705e-02
1.200000000000000000e+01 1.433999999999999941e+00 6.130000000000000032e-02
1.250000000000000000e+01 1.443000000000000060e+00 7.270000000000000073e-02
1.300000000000000000e+01 1.451000000000000068e+00 8.409999999999999420e-02
1.350000000000000000e+01 1.453000000000000069e+00 9.539999999999999869e-02
1.400000000000000000e+01 1.447999999999999954e+00 1.064999999999999974e-01
1.450000000000000000e+01 1.443999999999999950e+00 1.175999999999999962e-01
1.500000000000000000e+01 1.445000000000000062e+00 1.287000000000000088e-01
1.550000000000000000e+01 1.447000000000000064e+00 1.398000000000000076e-01
1.600000000000000000e+01 1.447999999999999954e+00 1.509000000000000064e-01
1.650000000000000000e+01 1.443999999999999950e+00 1.618999999999999884e-01
1.700000000000000000e+01 1.437999999999999945e+00 1.728000000000000091e-01
1.750000000000000000e+01 1.439000000000000057e+00 1.837000000000000022e-01
1.800000000000000000e+01 1.447999999999999954e+00 1.947000000000000119e-01
1.850000000000000000e+01 1.451999999999999957e+00 2.056999999999999940e-01
1.900000000000000000e+01 1.447999999999999954e+00 2.164999999999999980e-01
1.950000000000000000e+01 1.437999999999999945e+00 2.272000000000000131e-01
2.000000000000000000e+01 1.427999999999999936e+00 2.379000000000000004e-01
2.100000000000000000e+01 1.401000000000000023e+00 2.590000000000000080e-01
2.200000000000000000e+01 1.358999999999999986e+00 2.798999999999999821e-01
2.300000000000000000e+01 1.300000000000000044e+00 3.004000000000000004e-01
2.400000000000000000e+01 1.219999999999999973e+00 3.204000000000000181e-01
2.500000000000000000e+01 1.167999999999999927e+00 3.377000000000000002e-01
2.600000000000000000e+01 1.116000000000000103e+00 3.553999999999999937e-01
2.800000000000000000e+01 1.014999999999999902e+00 3.916000000000000036e-01
3.000000000000000000e+01 9.260000000000000453e-01 4.294000000000000039e-01
3.200000000000000000e+01 8.549999999999999822e-01 4.689999999999999725e-01
3.500000000000000000e+01 8.000000000000000444e-01 5.323999999999999844e-01
4.000000000000000000e+01 8.040000000000000480e-01 6.451999999999999957e-01
4.500000000000000000e+01 7.930000000000000382e-01 7.572999999999999732e-01
5.000000000000000000e+01 7.630000000000000115e-01 8.663999999999999480e-01
5.500000000000000000e+01 7.169999999999999707e-01 9.707999999999999963e-01
6.000000000000000000e+01 6.560000000000000275e-01 1.069299999999999917e+00
6.500000000000000000e+01 5.819999999999999618e-01 1.160600000000000076e+00
7.000000000000000000e+01 4.949999999999999956e-01 1.243800000000000017e+00
7.500000000000000000e+01 3.980000000000000204e-01 1.317800000000000082e+00
8.000000000000000000e+01 2.909999999999999809e-01 1.380900000000000016e+00
8.500000000000000000e+01 1.759999999999999898e-01 1.430399999999999894e+00
9.000000000000000000e+01 5.299999999999999850e-02 1.456499999999999906e+00
9.500000000000000000e+01 -7.399999999999999634e-02 1.453300000000000036e+00
1.000000000000000000e+02 -1.990000000000000102e-01 1.434500000000000108e+00
1.050000000000000000e+02 -3.210000000000000075e-01 1.400400000000000089e+00
1.100000000000000000e+02 -4.359999999999999987e-01 1.351199999999999957e+00
1.150000000000000000e+02 -5.430000000000000382e-01 1.287400000000000100e+00
1.200000000000000000e+02 -6.400000000000000133e-01 1.209899999999999975e+00
1.250000000000000000e+02 -7.229999999999999760e-01 1.119599999999999929e+00
1.300000000000000000e+02 -7.900000000000000355e-01 1.017900000000000027e+00
1.350000000000000000e+02 -8.399999999999999689e-01 9.063999999999999835e-01
1.400000000000000000e+02 -8.679999999999999938e-01 7.871000000000000218e-01
1.450000000000000000e+02 -8.719999999999999973e-01 6.626999999999999558e-01
1.500000000000000000e+02 -8.499999999999999778e-01 5.362999999999999989e-01
1.550000000000000000e+02 -7.980000000000000426e-01 4.116000000000000214e-01
1.600000000000000000e+02 -7.139999999999999680e-01 2.931000000000000272e-01
1.700000000000000000e+02 -7.489999999999999991e-01 9.710000000000000575e-02
1.750000000000000000e+02 -3.739999999999999991e-01 3.339999999999999913e-02
1.800000000000000000e+02 0.000000000000000000e+00 1.980000000000000163e-02
